Acc:[0.878125, 0.86875, 0.8625, 0.86875, 0.8652037617554859]0.8686657523510972
F1:[0.2909090909090909, 0.16, 0.26666666666666666, 0.3, 0.15686274509803924]0.23488770053475938
ROC_AUC:[0.5858030392074552, 0.541096465452103, 0.5764163372859026, 0.5895915678524375, 0.5392652510953826]0.5664345321786561
Recall:[0.18604651162790697, 0.09302325581395349, 0.18181818181818182, 0.20454545454545456, 0.09302325581395349]0.1516913319238901
Precision[0.6666666666666666, 0.5714285714285714, 0.5, 0.5625, 0.5]0.5601190476190476
Confusion Matrices:["[[273   4]\n [ 35   8]]", "[[274   3]\n [ 39   4]]", "[[268   8]\n [ 36   8]]", "[[269   7]\n [ 35   9]]", "[[272   4]\n [ 39   4]]"]
