Acc:[0.81875, 0.84375, 0.8125, 0.81875, 0.8432601880877743]0.8274020376175549
F1:[0.8989547038327526, 0.9128919860627178, 0.8951048951048951, 0.897887323943662, 0.9113475177304966]0.9032372853349049
ROC_AUC:[0.5243506493506493, 0.5676406926406927, 0.5205627705627706, 0.5454545454545454, 0.5957360130363933]0.5507489342090103
Recall:[0.9772727272727273, 0.9924242424242424, 0.9696969696969697, 0.9659090909090909, 0.9771863117870723]0.9764978684180206
Precision[0.832258064516129, 0.8451612903225807, 0.8311688311688312, 0.8388157894736842, 0.8538205980066446]0.8402449146975739
Confusion Matrices:["[[  4  52]\n [  6 258]]", "[[  8  48]\n [  2 262]]", "[[  4  52]\n [  8 256]]", "[[  7  49]\n [  9 255]]", "[[ 12  44]\n [  6 257]]"]
