Acc:[0.8360655737704918, 0.7540983606557377, 0.6557377049180327, 0.7166666666666667, 0.7166666666666667]0.7358469945355192
F1:[0.8648648648648648, 0.7761194029850745, 0.676923076923077, 0.7848101265822786, 0.7848101265822786]0.7775055195875147
ROC_AUC:[0.8241341991341993, 0.751082251082251, 0.6547619047619047, 0.6919191919191919, 0.6919191919191919]0.7227633477633478
Recall:[0.9696969696969697, 0.7878787878787878, 0.6666666666666666, 0.9393939393939394, 0.9393939393939394]0.8606060606060606
Precision[0.7804878048780488, 0.7647058823529411, 0.6875, 0.6739130434782609, 0.6739130434782609]0.7161039548375022
Confusion Matrices:["[[19  9]\n [ 1 32]]", "[[20  8]\n [ 7 26]]", "[[18 10]\n [11 22]]", "[[12 15]\n [ 2 31]]", "[[12 15]\n [ 2 31]]"]
