Acc:[0.6816326530612244, 0.6540816326530612, 0.6948979591836735, 0.6874361593462717, 0.7058222676200204]0.6847741343728503
F1:[0.7765042979942693, 0.7600849256900212, 0.785663082437276, 0.7811158798283262, 0.7919075144508672]0.7790551400801519
ROC_AUC:[0.613011988011988, 0.5787337662337662, 0.6274975024975025, 0.6183529884749397, 0.6419570267131243]0.615910654386264
Recall:[0.8798701298701299, 0.8717532467532467, 0.8896103896103896, 0.8878048780487805, 0.8910569105691057]0.8840191109703305
Precision[0.6948717948717948, 0.6737766624843162, 0.7034659820282413, 0.6973180076628352, 0.7126137841352406]0.6964092462364857
Confusion Matrices:["[[126 238]\n [ 74 542]]", "[[104 260]\n [ 79 537]]", "[[133 231]\n [ 68 548]]", "[[127 237]\n [ 69 546]]", "[[143 221]\n [ 67 548]]"]
