Acc:[0.963265306122449, 0.963265306122449, 0.963265306122449, 0.9632277834525026, 0.9632277834525026]0.9632502970544705
F1:[0.0, 0.0, 0.0, 0.0, 0.0]0.0
ROC_AUC:[0.5, 0.5, 0.5, 0.5, 0.5]0.5
Recall:[0.0, 0.0, 0.0, 0.0, 0.0]0.0
Precision[0.0, 0.0, 0.0, 0.0, 0.0]0.0
Confusion Matrices:["[[944   0]\n [ 36   0]]", "[[944   0]\n [ 36   0]]", "[[944   0]\n [ 36   0]]", "[[943   0]\n [ 36   0]]", "[[943   0]\n [ 36   0]]"]
