Acc:[0.7865168539325843, 0.7471910112359551, 0.7627118644067796, 0.7796610169491526, 0.7457627118644068]0.7643686916777757
F1:[0.6885245901639344, 0.6511627906976744, 0.7083333333333334, 0.6060606060606061, 0.5454545454545454]0.6399071731420187
ROC_AUC:[0.7538891104906261, 0.721779018747507, 0.7603211009174313, 0.7160010793308149, 0.6801807879114948]0.726434219479575
Recall:[0.6086956521739131, 0.6086956521739131, 0.75, 0.4411764705882353, 0.39705882352941174]0.5611253196930946
Precision[0.7924528301886793, 0.7, 0.6710526315789473, 0.967741935483871, 0.8709677419354839]0.8004430278373963
Confusion Matrices:["[[98 11]\n [27 42]]", "[[91 18]\n [27 42]]", "[[84 25]\n [17 51]]", "[[108   1]\n [ 38  30]]", "[[105   4]\n [ 41  27]]"]
