Acc:[0.819672131147541, 0.7377049180327869, 0.6229508196721312, 0.7333333333333333, 0.6666666666666666]0.7160655737704918
F1:[0.8450704225352113, 0.7894736842105263, 0.6567164179104478, 0.7500000000000001, 0.696969696969697]0.7476460443251766
ROC_AUC:[0.8116883116883118, 0.7224025974025974, 0.619047619047619, 0.734006734006734, 0.6632996632996633]0.7100889850889851
Recall:[0.9090909090909091, 0.9090909090909091, 0.6666666666666666, 0.7272727272727273, 0.696969696969697]0.7818181818181819
Precision[0.7894736842105263, 0.6976744186046512, 0.6470588235294118, 0.7741935483870968, 0.696969696969697]0.7210740343402767
Confusion Matrices:["[[20  8]\n [ 3 30]]", "[[15 13]\n [ 3 30]]", "[[16 12]\n [11 22]]", "[[20  7]\n [ 9 24]]", "[[17 10]\n [10 23]]"]
