Acc:[0.7234693877551021, 0.7234693877551021, 0.7173469387755103, 0.7242083758937692, 0.7170582226762002]0.7211104625711369
F1:[0.5081669691470055, 0.4717348927875244, 0.4683301343570057, 0.4807692307692307, 0.4723809523809524]0.48027643588834373
ROC_AUC:[0.6497643273978752, 0.6353714649109682, 0.6315277569953615, 0.6390894870930276, 0.6329568019182495]0.6377419676630964
Recall:[0.4268292682926829, 0.36890243902439024, 0.3719512195121951, 0.38109756097560976, 0.3780487804878049]0.3853658536585366
Precision[0.6278026905829597, 0.654054054054054, 0.6321243523316062, 0.6510416666666666, 0.6294416243654822]0.6388928776001538
Confusion Matrices:["[[569  83]\n [188 140]]", "[[588  64]\n [207 121]]", "[[581  71]\n [206 122]]", "[[584  67]\n [203 125]]", "[[578  73]\n [204 124]]"]
