Acc:[0.8852459016393442, 0.7704918032786885, 0.7540983606557377, 0.75, 0.75]0.781967213114754
F1:[0.8852459016393442, 0.7812499999999999, 0.761904761904762, 0.7761194029850745, 0.7945205479452054]0.7998081228948772
ROC_AUC:[0.8912337662337664, 0.7716450216450217, 0.7564935064935066, 0.7457912457912458, 0.7356902356902357]0.7801707551707552
Recall:[0.8181818181818182, 0.7575757575757576, 0.7272727272727273, 0.7878787878787878, 0.8787878787878788]0.793939393939394
Precision[0.9642857142857143, 0.8064516129032258, 0.8, 0.7647058823529411, 0.725]0.8120886419083762
Confusion Matrices:["[[27  1]\n [ 6 27]]", "[[22  6]\n [ 8 25]]", "[[22  6]\n [ 9 24]]", "[[19  8]\n [ 7 26]]", "[[16 11]\n [ 4 29]]"]
