Acc:[0.819672131147541, 0.7049180327868853, 0.7540983606557377, 0.75, 0.7]0.7457377049180328
F1:[0.8358208955223881, 0.71875, 0.7826086956521738, 0.7761194029850745, 0.7352941176470589]0.7697186223613391
ROC_AUC:[0.8170995670995672, 0.7056277056277056, 0.7483766233766235, 0.7457912457912458, 0.6936026936026937]0.7420995670995671
Recall:[0.8484848484848485, 0.696969696969697, 0.8181818181818182, 0.7878787878787878, 0.7575757575757576]0.7818181818181819
Precision[0.8235294117647058, 0.7419354838709677, 0.75, 0.7647058823529411, 0.7142857142857143]0.7588912984548658
Confusion Matrices:["[[22  6]\n [ 5 28]]", "[[20  8]\n [10 23]]", "[[19  9]\n [ 6 27]]", "[[19  8]\n [ 7 26]]", "[[17 10]\n [ 8 25]]"]
