Acc:[0.9344262295081968, 0.6721311475409836, 0.7540983606557377, 0.75, 0.7666666666666667]0.775464480874317
F1:[0.9374999999999999, 0.6875, 0.761904761904762, 0.7826086956521738, 0.8108108108108109]0.7960648536735493
ROC_AUC:[0.9366883116883118, 0.6726190476190477, 0.7564935064935066, 0.7424242424242425, 0.7508417508417509]0.7718133718133718
Recall:[0.9090909090909091, 0.6666666666666666, 0.7272727272727273, 0.8181818181818182, 0.9090909090909091]0.806060606060606
Precision[0.967741935483871, 0.7096774193548387, 0.8, 0.75, 0.7317073170731707]0.791825334382376
Confusion Matrices:["[[27  1]\n [ 3 30]]", "[[19  9]\n [11 22]]", "[[22  6]\n [ 9 24]]", "[[18  9]\n [ 6 27]]", "[[16 11]\n [ 3 30]]"]
