Acc:[0.840625, 0.846875, 0.834375, 0.8375, 0.8746081504702194]0.8467966300940439
F1:[0.43956043956043955, 0.449438202247191, 0.4421052631578948, 0.4468085106382979, 0.5454545454545454]0.4646733922116738
ROC_AUC:[0.6924691461674083, 0.6856267315926454, 0.6833415678524374, 0.6861001317523057, 0.7410262891809909]0.6977127733091575
Recall:[0.46511627906976744, 0.46511627906976744, 0.4772727272727273, 0.4772727272727273, 0.5581395348837209]0.4885835095137421
Precision[0.4166666666666667, 0.43478260869565216, 0.4117647058823529, 0.42, 0.5333333333333333]0.44330946291560097
Confusion Matrices:["[[249  28]\n [ 23  20]]", "[[251  26]\n [ 23  20]]", "[[246  30]\n [ 23  21]]", "[[247  29]\n [ 23  21]]", "[[255  21]\n [ 19  24]]"]
