Acc:[0.8375, 0.875, 0.859375, 0.846875, 0.8432601880877743]0.852402037617555
F1:[0.5185185185185186, 0.5833333333333333, 0.5544554455445544, 0.49484536082474223, 0.46808510638297873]0.5238475529208254
ROC_AUC:[0.758794391738729, 0.7798253715053313, 0.7649868247694334, 0.7201910408432146, 0.703277721604314]0.7454150700922044
Recall:[0.6511627906976745, 0.6511627906976745, 0.6363636363636364, 0.5454545454545454, 0.5116279069767442]0.599154334038055
Precision[0.4307692307692308, 0.5283018867924528, 0.49122807017543857, 0.4528301886792453, 0.43137254901960786]0.46690038508719506
Confusion Matrices:["[[240  37]\n [ 15  28]]", "[[252  25]\n [ 15  28]]", "[[247  29]\n [ 16  28]]", "[[247  29]\n [ 20  24]]", "[[247  29]\n [ 21  22]]"]
