Acc:[0.940625, 0.934375, 0.915625, 0.928125, 0.9467084639498433]0.9330916927899686
F1:[0.17391304347826086, 0.0, 0.12903225806451615, 0.14814814814814817, 0.2608695652173913]0.14239260298166329
ROC_AUC:[0.5687229437229437, 0.48697068403908794, 0.5508644450012528, 0.5573791029817088, 0.6119706840390879]0.5551815719568163
Recall:[0.16666666666666666, 0.0, 0.15384615384615385, 0.15384615384615385, 0.25]0.14487179487179486
Precision[0.18181818181818182, 0.0, 0.1111111111111111, 0.14285714285714285, 0.2727272727272727]0.14170274170274172
Confusion Matrices:["[[299   9]\n [ 10   2]]", "[[299   8]\n [ 13   0]]", "[[291  16]\n [ 11   2]]", "[[295  12]\n [ 11   2]]", "[[299   8]\n [  9   3]]"]
