Acc:[0.89375, 0.89375, 0.909375, 0.9, 0.9278996865203761]0.9049549373040753
F1:[0.2916666666666667, 0.0, 0.12121212121212123, 0.15789473684210525, 0.30303030303030304]0.17476076555023923
ROC_AUC:[0.7406655844155845, 0.46579804560260585, 0.5476071160110247, 0.5795539964921073, 0.6822747014115093]0.6031798887865663
Recall:[0.5833333333333334, 0.0, 0.15384615384615385, 0.23076923076923078, 0.4166666666666667]0.27692307692307694
Precision[0.19444444444444445, 0.0, 0.1, 0.12, 0.23809523809523808]0.13050793650793652
Confusion Matrices:["[[279  29]\n [  5   7]]", "[[286  21]\n [ 13   0]]", "[[289  18]\n [ 11   2]]", "[[285  22]\n [ 10   3]]", "[[291  16]\n [  7   5]]"]
