Acc:[0.803125, 0.7875, 0.815625, 0.790625, 0.7899686520376176]0.7973687304075235
F1:[0.8800000000000001, 0.8687258687258688, 0.8858800773694391, 0.8718929254302104, 0.871401151631478]0.8755800046313992
ROC_AUC:[0.6696428571428572, 0.6672077922077921, 0.7194264069264069, 0.6550324675324675, 0.6547732210755024]0.6732165489770052
Recall:[0.875, 0.8522727272727273, 0.8674242424242424, 0.8636363636363636, 0.8631178707224335]0.8642902408111534
Precision[0.8850574712643678, 0.8858267716535433, 0.9051383399209486, 0.8803088803088803, 0.8798449612403101]0.8872352848776102
Confusion Matrices:["[[ 26  30]\n [ 33 231]]", "[[ 27  29]\n [ 39 225]]", "[[ 32  24]\n [ 35 229]]", "[[ 25  31]\n [ 36 228]]", "[[ 25  31]\n [ 36 227]]"]
