Acc:[0.8033707865168539, 0.797752808988764, 0.768361581920904, 0.7570621468926554, 0.768361581920904]0.7789817812480162
F1:[0.7244094488188977, 0.7096774193548386, 0.7007299270072992, 0.5981308411214953, 0.6917293233082707]0.6849353919221604
ROC_AUC:[0.8139875016620132, 0.8114612418561361, 0.7428494333513223, 0.7618051807879115, 0.7849433351322179]0.7830093385579202
Recall:[0.6666666666666666, 0.6376811594202898, 0.7058823529411765, 0.47058823529411764, 0.6764705882352942]0.631457800511509
Precision[0.7931034482758621, 0.8, 0.6956521739130435, 0.8205128205128205, 0.7076923076923077]0.7633921500788068
Confusion Matrices:["[[97 12]\n [23 46]]", "[[98 11]\n [25 44]]", "[[88 21]\n [20 48]]", "[[102   7]\n [ 36  32]]", "[[90 19]\n [22 46]]"]
