Acc:[0.7918367346938775, 0.7765306122448979, 0.7704081632653061, 0.7906026557711952, 0.7814096016343207]0.7821575535219195
F1:[0.6842105263157895, 0.6696832579185521, 0.6456692913385826, 0.6791862284820033, 0.6805970149253731]0.6718692637960602
ROC_AUC:[0.7651410294777796, 0.7537875953912915, 0.7390276634744876, 0.7583923419879359, 0.7630427859578134]0.7558782832578615
Recall:[0.6737804878048781, 0.676829268292683, 0.625, 0.6615853658536586, 0.6951219512195121]0.6664634146341463
Precision[0.6949685534591195, 0.6626865671641791, 0.6677524429967426, 0.6977491961414791, 0.6666666666666666]0.6779646852856374
Confusion Matrices:["[[555  97]\n [107 221]]", "[[539 113]\n [106 222]]", "[[550 102]\n [123 205]]", "[[557  94]\n [111 217]]", "[[537 114]\n [100 228]]"]
