Acc:[0.9642857142857143, 0.9408163265306122, 0.9571428571428572, 0.947906026557712, 0.9560776302349336]0.953245710950366
F1:[0.49275362318840576, 0.3555555555555555, 0.4473684210526316, 0.42696629213483145, 0.37681159420289856]0.4198910972268646
ROC_AUC:[0.7276365348399247, 0.701800847457627, 0.7239289077212806, 0.7458613173088252, 0.6832066690232119]0.7164868552701739
Recall:[0.4722222222222222, 0.4444444444444444, 0.4722222222222222, 0.5277777777777778, 0.3611111111111111]0.45555555555555555
Precision[0.5151515151515151, 0.2962962962962963, 0.425, 0.3584905660377358, 0.3939393939393939]0.39777555428498823
Confusion Matrices:["[[928  16]\n [ 19  17]]", "[[906  38]\n [ 20  16]]", "[[921  23]\n [ 19  17]]", "[[909  34]\n [ 17  19]]", "[[923  20]\n [ 23  13]]"]
