Acc:[0.9255102040816326, 0.9357142857142857, 0.9244897959183673, 0.9295199182839632, 0.9213483146067416]0.9273165037209982
F1:[0.3177570093457944, 0.36363636363636365, 0.3018867924528302, 0.3428571428571428, 0.3063063063063063]0.32648872291968745
ROC_AUC:[0.7077595338983051, 0.7261652542372882, 0.6938559322033899, 0.7232237539766702, 0.7181129963473547]0.7138234941326017
Recall:[0.4722222222222222, 0.5, 0.4444444444444444, 0.5, 0.4722222222222222]0.47777777777777775
Precision[0.23943661971830985, 0.2857142857142857, 0.22857142857142856, 0.2608695652173913, 0.22666666666666666]0.24825171317761638
Confusion Matrices:["[[890  54]\n [ 19  17]]", "[[899  45]\n [ 18  18]]", "[[890  54]\n [ 20  16]]", "[[892  51]\n [ 18  18]]", "[[885  58]\n [ 19  17]]"]
