Acc:[0.726530612244898, 0.7448979591836735, 0.75, 0.7507660878447395, 0.7354443309499489]0.741527798044652
F1:[0.7806873977086743, 0.7937293729372938, 0.8006509357200976, 0.7980132450331126, 0.7923015236567762]0.7930764950111909
ROC_AUC:[0.7101336163836163, 0.7331619273583561, 0.7312196731839589, 0.7372665951934245, 0.7117595818815332]0.7247082788001776
Recall:[0.7743506493506493, 0.7808441558441559, 0.7987012987012987, 0.7837398373983739, 0.8032520325203252]0.7881775947629606
Precision[0.7871287128712872, 0.8070469798657718, 0.802610114192496, 0.8128161888701517, 0.7816455696202531]0.7982495130839918
Confusion Matrices:["[[235 129]\n [139 477]]", "[[249 115]\n [135 481]]", "[[243 121]\n [124 492]]", "[[253 111]\n [133 482]]", "[[226 138]\n [121 494]]"]
