Acc:[0.5409836065573771, 0.5409836065573771, 0.5409836065573771, 0.55, 0.55]0.5445901639344262
F1:[0.7021276595744682, 0.7021276595744682, 0.7021276595744682, 0.7096774193548387, 0.7096774193548387]0.7051475634866164
ROC_AUC:[0.5, 0.5, 0.5, 0.5, 0.5]0.5
Recall:[1.0, 1.0, 1.0, 1.0, 1.0]1.0
Precision[0.5409836065573771, 0.5409836065573771, 0.5409836065573771, 0.55, 0.55]0.5445901639344262
Confusion Matrices:["[[ 0 28]\n [ 0 33]]", "[[ 0 28]\n [ 0 33]]", "[[ 0 28]\n [ 0 33]]", "[[ 0 27]\n [ 0 33]]", "[[ 0 27]\n [ 0 33]]"]
