Acc:[0.7868852459016393, 0.7540983606557377, 0.6557377049180327, 0.7333333333333333, 0.65]0.7160109289617486
F1:[0.8, 0.7761194029850745, 0.6557377049180327, 0.7500000000000001, 0.6956521739130435]0.7355018563632301
ROC_AUC:[0.7867965367965367, 0.5, 0.5, 0.265993265993266, 0.35858585858585856]0.4822751322751323
Recall:[0.7878787878787878, 0.7878787878787878, 0.6060606060606061, 0.7272727272727273, 0.7272727272727273]0.7272727272727273
Precision[0.8125, 0.7647058823529411, 0.7142857142857143, 0.7741935483870968, 0.6666666666666666]0.7464703623384839
Confusion Matrices:["[[22  6]\n [ 7 26]]", "[[20  8]\n [ 7 26]]", "[[20  8]\n [13 20]]", "[[20  7]\n [ 9 24]]", "[[15 12]\n [ 9 24]]"]
