Acc:[0.7868852459016393, 0.8032786885245902, 0.6557377049180327, 0.75, 0.65]0.7291803278688525
F1:[0.8, 0.8125, 0.6557377049180327, 0.7887323943661972, 0.6956521739130435]0.7505244546394547
ROC_AUC:[0.7867965367965367, 0.8046536796536796, 0.5, 0.7390572390572392, 0.35858585858585856]0.6378186628186628
Recall:[0.7878787878787878, 0.7878787878787878, 0.6060606060606061, 0.8484848484848485, 0.7272727272727273]0.7515151515151516
Precision[0.8125, 0.8387096774193549, 0.7142857142857143, 0.7368421052631579, 0.6666666666666666]0.7538008327269787
Confusion Matrices:["[[22  6]\n [ 7 26]]", "[[23  5]\n [ 7 26]]", "[[20  8]\n [13 20]]", "[[17 10]\n [ 5 28]]", "[[15 12]\n [ 9 24]]"]
