Acc:[0.840625, 0.846875, 0.871875, 0.859375, 0.8871473354231975]0.8611794670846395
F1:[0.5142857142857142, 0.49484536082474234, 0.5494505494505494, 0.5544554455445544, 0.6326530612244898]0.54913802626601
ROC_AUC:[0.869616321047771, 0.8564352279405592, 0.876564558629776, 0.8602602108036891, 0.8918941691944725]0.8709540975232535
Recall:[0.627906976744186, 0.5581395348837209, 0.5681818181818182, 0.6363636363636364, 0.7209302325581395]0.6223044397463002
Precision[0.43548387096774194, 0.4444444444444444, 0.5319148936170213, 0.49122807017543857, 0.5636363636363636]0.49334152856820196
Confusion Matrices:["[[242  35]\n [ 16  27]]", "[[247  30]\n [ 19  24]]", "[[254  22]\n [ 19  25]]", "[[247  29]\n [ 16  28]]", "[[252  24]\n [ 12  31]]"]
