Acc:[0.7591836734693878, 0.7357142857142858, 0.7673469387755102, 0.7875383043922369, 0.7538304392236976]0.7607227283150236
F1:[0.808130081300813, 0.7912973408541498, 0.8190476190476189, 0.8295081967213114, 0.8042242079610074]0.8104414891769801
ROC_AUC:[0.8017986477807908, 0.7766786784643928, 0.7963086021121737, 0.8173210935406057, 0.7794023050120612]0.7943018653820049
Recall:[0.8068181818181818, 0.797077922077922, 0.8376623376623377, 0.8227642276422764, 0.8048780487804879]0.8138401435962411
Precision[0.8094462540716613, 0.7856, 0.8012422360248447, 0.8363636363636363, 0.8035714285714286]0.8072447110063141
Confusion Matrices:["[[247 117]\n [119 497]]", "[[230 134]\n [125 491]]", "[[236 128]\n [100 516]]", "[[265  99]\n [109 506]]", "[[243 121]\n [120 495]]"]
