Acc:[0.890625, 0.9, 0.890625, 0.865625, 0.8934169278996865]0.8880583855799372
F1:[0.5569620253164557, 0.6, 0.5783132530120482, 0.5057471264367817, 0.5853658536585366]0.5652776516847644
ROC_AUC:[0.8945512551423054, 0.8915288388884225, 0.9131258234519104, 0.852931488801054, 0.9010785305021909]0.8906431873571765
Recall:[0.5116279069767442, 0.5581395348837209, 0.5454545454545454, 0.5, 0.5581395348837209]0.5346723044397463
Precision[0.6111111111111112, 0.6486486486486487, 0.6153846153846154, 0.5116279069767442, 0.6153846153846154]0.600431379501147
Confusion Matrices:["[[263  14]\n [ 21  22]]", "[[264  13]\n [ 19  24]]", "[[261  15]\n [ 20  24]]", "[[255  21]\n [ 22  22]]", "[[261  15]\n [ 19  24]]"]
