Acc:[0.8360655737704918, 0.7704918032786885, 0.7377049180327869, 0.7333333333333333, 0.7833333333333333]0.7721857923497268
F1:[0.8529411764705883, 0.7812499999999999, 0.7714285714285715, 0.7647058823529412, 0.8115942028985507]0.7963839666301303
ROC_AUC:[0.8820346320346321, 0.8787878787878788, 0.8062770562770563, 0.8372615039281707, 0.8765432098765432]0.8561808561808562
Recall:[0.8787878787878788, 0.7575757575757576, 0.8181818181818182, 0.7878787878787878, 0.8484848484848485]0.8181818181818181
Precision[0.8285714285714286, 0.8064516129032258, 0.7297297297297297, 0.7428571428571429, 0.7777777777777778]0.777077538367861
Confusion Matrices:["[[22  6]\n [ 4 29]]", "[[22  6]\n [ 8 25]]", "[[18 10]\n [ 6 27]]", "[[18  9]\n [ 7 26]]", "[[19  8]\n [ 5 28]]"]
