Acc:[0.9016393442622951, 0.8032786885245902, 0.7540983606557377, 0.8, 0.7833333333333333]0.8084699453551913
F1:[0.90625, 0.8125, 0.7887323943661972, 0.8333333333333333, 0.821917808219178]0.8325467071837416
ROC_AUC:[0.9588744588744589, 0.8971861471861472, 0.8409090909090908, 0.9102132435465768, 0.8967452300785634]0.9007856341189674
Recall:[0.8787878787878788, 0.7878787878787878, 0.8484848484848485, 0.9090909090909091, 0.9090909090909091]0.8666666666666666
Precision[0.9354838709677419, 0.8387096774193549, 0.7368421052631579, 0.7692307692307693, 0.75]0.8060532845762047
Confusion Matrices:["[[26  2]\n [ 4 29]]", "[[23  5]\n [ 7 26]]", "[[18 10]\n [ 5 28]]", "[[18  9]\n [ 3 30]]", "[[17 10]\n [ 3 30]]"]
