Acc:[0.9295918367346939, 0.9275510204081633, 0.9255102040816326, 0.9121552604698672, 0.9387129724208376]0.9267042588230389
F1:[0.36697247706422015, 0.3106796116504854, 0.33027522935779813, 0.29508196721311475, 0.34782608695652173]0.3301670744484281
ROC_AUC:[0.8564618644067796, 0.8562853107344632, 0.8616554849340866, 0.8424060327559797, 0.8323907152114999]0.8498398816085618
Recall:[0.5555555555555556, 0.4444444444444444, 0.5, 0.5, 0.4444444444444444]0.48888888888888893
Precision[0.273972602739726, 0.23880597014925373, 0.2465753424657534, 0.20930232558139536, 0.2857142857142857]0.2508741053300828
Confusion Matrices:["[[891  53]\n [ 16  20]]", "[[893  51]\n [ 20  16]]", "[[889  55]\n [ 18  18]]", "[[875  68]\n [ 18  18]]", "[[903  40]\n [ 20  16]]"]
