Acc:[0.976530612244898, 0.9704081632653061, 0.9744897959183674, 0.9713993871297242, 0.9713993871297242]0.9728454691376041
F1:[0.6229508196721312, 0.49122807017543857, 0.5283018867924528, 0.5172413793103449, 0.4814814814814815]0.5282407274863697
ROC_AUC:[0.9010710922787195, 0.8886240583804144, 0.8778101459510357, 0.8999941086367385, 0.8777542123247319]0.8890507235143279
Recall:[0.5277777777777778, 0.3888888888888889, 0.3888888888888889, 0.4166666666666667, 0.3611111111111111]0.4166666666666667
Precision[0.76, 0.6666666666666666, 0.8235294117647058, 0.6818181818181818, 0.7222222222222222]0.7308472964943553
Confusion Matrices:["[[938   6]\n [ 17  19]]", "[[937   7]\n [ 22  14]]", "[[941   3]\n [ 22  14]]", "[[936   7]\n [ 21  15]]", "[[938   5]\n [ 23  13]]"]
