Acc:[0.9625, 0.95625, 0.946875, 0.95, 0.9655172413793104]0.9562284482758621
F1:[0.25, 0.0, 0.0, 0.0, 0.26666666666666666]0.10333333333333332
ROC_AUC:[0.8303571428571429, 0.6680030067652217, 0.6163868704585317, 0.6589827110999749, 0.7733441910966341]0.709414784455501
Recall:[0.16666666666666666, 0.0, 0.0, 0.0, 0.16666666666666666]0.06666666666666667
Precision[0.5, 0.0, 0.0, 0.0, 0.6666666666666666]0.2333333333333333
Confusion Matrices:["[[306   2]\n [ 10   2]]", "[[306   1]\n [ 13   0]]", "[[303   4]\n [ 13   0]]", "[[304   3]\n [ 13   0]]", "[[306   1]\n [ 10   2]]"]
