Acc:[0.7921348314606742, 0.848314606741573, 0.7909604519774012, 0.8135593220338984, 0.8135593220338984]0.8117057068494891
F1:[0.7338129496402879, 0.7969924812030075, 0.7375886524822695, 0.7027027027027025, 0.7518796992481205]0.7445952970552776
ROC_AUC:[0.8331338917697116, 0.8500864246775696, 0.8358067997841339, 0.8383702104695089, 0.851457096600108]0.8417708846602064
Recall:[0.7391304347826086, 0.7681159420289855, 0.7647058823529411, 0.5735294117647058, 0.7352941176470589]0.7161551577152601
Precision[0.7285714285714285, 0.828125, 0.7123287671232876, 0.9069767441860465, 0.7692307692307693]0.7890465418223064
Confusion Matrices:["[[90 19]\n [18 51]]", "[[98 11]\n [16 53]]", "[[88 21]\n [16 52]]", "[[105   4]\n [ 29  39]]", "[[94 15]\n [18 50]]"]
