Acc:[0.8010204081632653, 0.7765306122448979, 0.7908163265306123, 0.8253319713993871, 0.7946884576098059]0.7976775551895937
F1:[0.7093889716840537, 0.6583463338533542, 0.6917293233082706, 0.7228525121555915, 0.6912442396313364]0.6947122761265213
ROC_AUC:[0.8182866040700285, 0.8228995211731258, 0.837528523866527, 0.848289217339178, 0.8215854595181897]0.8297178651934098
Recall:[0.725609756097561, 0.6432926829268293, 0.7012195121951219, 0.6798780487804879, 0.6859756097560976]0.6871951219512196
Precision[0.6938775510204082, 0.6741214057507987, 0.6824925816023739, 0.7716262975778547, 0.6965944272445821]0.7037424526392034
Confusion Matrices:["[[547 105]\n [ 90 238]]", "[[550 102]\n [117 211]]", "[[545 107]\n [ 98 230]]", "[[585  66]\n [105 223]]", "[[553  98]\n [103 225]]"]
