Acc:[0.91875, 0.9125, 0.896875, 0.928125, 0.9310344827586207]0.9174568965517242
F1:[0.13333333333333333, 0.17647058823529413, 0.15384615384615388, 0.20689655172413793, 0.15384615384615383]0.1648785561970146
ROC_AUC:[0.7226731601731602, 0.7143573039338512, 0.646454522676021, 0.6426960661488348, 0.7920738327904452]0.7036509771444626
Recall:[0.16666666666666666, 0.23076923076923078, 0.23076923076923078, 0.23076923076923078, 0.16666666666666666]0.20512820512820515
Precision[0.1111111111111111, 0.14285714285714285, 0.11538461538461539, 0.1875, 0.14285714285714285]0.13994200244200244
Confusion Matrices:["[[292  16]\n [ 10   2]]", "[[289  18]\n [ 10   3]]", "[[284  23]\n [ 10   3]]", "[[294  13]\n [ 10   3]]", "[[295  12]\n [ 10   2]]"]
