Acc:[0.8524590163934426, 0.7704918032786885, 0.7213114754098361, 0.7333333333333333, 0.7666666666666667]0.7688524590163934
F1:[0.8656716417910447, 0.7812499999999999, 0.7536231884057971, 0.7647058823529412, 0.8055555555555556]0.7941612536210677
ROC_AUC:[0.9361471861471862, 0.8625541125541125, 0.7857142857142858, 0.8439955106621774, 0.8709315375982043]0.8598685265351932
Recall:[0.8787878787878788, 0.7575757575757576, 0.7878787878787878, 0.7878787878787878, 0.8787878787878788]0.8181818181818181
Precision[0.8529411764705882, 0.8064516129032258, 0.7222222222222222, 0.7428571428571429, 0.7435897435897436]0.7736123796085845
Confusion Matrices:["[[23  5]\n [ 4 29]]", "[[22  6]\n [ 8 25]]", "[[18 10]\n [ 7 26]]", "[[18  9]\n [ 7 26]]", "[[17 10]\n [ 4 29]]"]
