Acc:[0.8375, 0.846875, 0.84375, 0.8375, 0.8652037617554859]0.8461657523510973
F1:[0.9037037037037037, 0.9113924050632911, 0.9060150375939849, 0.900383141762452, 0.9202226345083487]0.9083433845263562
ROC_AUC:[0.7415449134199134, 0.7842261904761904, 0.8199404761904763, 0.7909902597402597, 0.802485062466051]0.7878373804585782
Recall:[0.9242424242424242, 0.9545454545454546, 0.9128787878787878, 0.8901515151515151, 0.9429657794676806]0.9249567922571724
Precision[0.8840579710144928, 0.8719723183391004, 0.8992537313432836, 0.9108527131782945, 0.8985507246376812]0.8929374917025704
Confusion Matrices:["[[ 24  32]\n [ 20 244]]", "[[ 19  37]\n [ 12 252]]", "[[ 29  27]\n [ 23 241]]", "[[ 33  23]\n [ 29 235]]", "[[ 28  28]\n [ 15 248]]"]
