Acc:[0.9344262295081968, 0.8032786885245902, 0.7540983606557377, 0.8333333333333334, 0.8]0.8250273224043717
F1:[0.9374999999999999, 0.8064516129032258, 0.7887323943661972, 0.8571428571428571, 0.8333333333333333]0.8446320395491227
ROC_AUC:[0.9810606060606061, 0.9123376623376623, 0.8203463203463203, 0.9264870931537599, 0.8821548821548821]0.9044773128106461
Recall:[0.9090909090909091, 0.7575757575757576, 0.8484848484848485, 0.9090909090909091, 0.9090909090909091]0.8666666666666666
Precision[0.967741935483871, 0.8620689655172413, 0.7368421052631579, 0.8108108108108109, 0.7692307692307693]0.82933891726117
Confusion Matrices:["[[27  1]\n [ 3 30]]", "[[24  4]\n [ 8 25]]", "[[18 10]\n [ 5 28]]", "[[20  7]\n [ 3 30]]", "[[18  9]\n [ 3 30]]"]
