Acc:[0.9344262295081968, 0.819672131147541, 0.7377049180327869, 0.8333333333333334, 0.7833333333333333]0.8216939890710384
F1:[0.9374999999999999, 0.8253968253968254, 0.7777777777777778, 0.8571428571428571, 0.821917808219178]0.8439470537073277
ROC_AUC:[0.9832251082251082, 0.9058441558441558, 0.8609307359307359, 0.9231200897867565, 0.8686868686868687]0.9083613916947251
Recall:[0.9090909090909091, 0.7878787878787878, 0.8484848484848485, 0.9090909090909091, 0.9090909090909091]0.8727272727272727
Precision[0.967741935483871, 0.8666666666666667, 0.717948717948718, 0.8108108108108109, 0.75]0.8226336261820133
Confusion Matrices:["[[27  1]\n [ 3 30]]", "[[24  4]\n [ 7 26]]", "[[17 11]\n [ 5 28]]", "[[20  7]\n [ 3 30]]", "[[17 10]\n [ 3 30]]"]
