Acc:[0.8688524590163934, 0.8032786885245902, 0.7377049180327869, 0.85, 0.8166666666666667]0.8153005464480876
F1:[0.8787878787878788, 0.8125, 0.7714285714285715, 0.8695652173913043, 0.8493150684931509]0.8363193472201811
ROC_AUC:[0.961038961038961, 0.9031385281385282, 0.8533549783549784, 0.9309764309764309, 0.8978675645342311]0.9092752926086259
Recall:[0.8787878787878788, 0.7878787878787878, 0.8181818181818182, 0.9090909090909091, 0.9393939393939394]0.8666666666666668
Precision[0.8787878787878788, 0.8387096774193549, 0.7297297297297297, 0.8333333333333334, 0.775]0.8111121238540594
Confusion Matrices:["[[24  4]\n [ 4 29]]", "[[23  5]\n [ 7 26]]", "[[18 10]\n [ 6 27]]", "[[21  6]\n [ 3 30]]", "[[18  9]\n [ 2 31]]"]
