Acc:[0.9625, 0.959375, 0.959375, 0.953125, 0.9623824451410659]0.9593514890282131
F1:[0.14285714285714285, 0.0, 0.0, 0.0, 0.0]0.02857142857142857
ROC_AUC:[0.8352272727272727, 0.6870458531696316, 0.694312202455525, 0.6881733901277876, 0.8463626492942454]0.7502242735548925
Recall:[0.08333333333333333, 0.0, 0.0, 0.0, 0.0]0.016666666666666666
Precision[0.5, 0.0, 0.0, 0.0, 0.0]0.1
Confusion Matrices:["[[307   1]\n [ 11   1]]", "[[307   0]\n [ 13   0]]", "[[307   0]\n [ 13   0]]", "[[305   2]\n [ 13   0]]", "[[307   0]\n [ 12   0]]"]
