Acc:[0.84375, 0.865625, 0.890625, 0.871875, 0.9059561128526645]0.875566222570533
F1:[0.5192307692307692, 0.5274725274725274, 0.6067415730337078, 0.5393258426966293, 0.6739130434782609]0.5733367511823789
ROC_AUC:[0.8915288388884225, 0.8931659810259425, 0.9059206192358367, 0.8578722002635046, 0.9037327266599258]0.8904440732147265
Recall:[0.627906976744186, 0.5581395348837209, 0.6136363636363636, 0.5454545454545454, 0.7209302325581395]0.6132135306553911
Precision[0.4426229508196721, 0.5, 0.6, 0.5333333333333333, 0.6326530612244898]0.541721869075499
Confusion Matrices:["[[243  34]\n [ 16  27]]", "[[253  24]\n [ 19  24]]", "[[258  18]\n [ 17  27]]", "[[255  21]\n [ 20  24]]", "[[258  18]\n [ 12  31]]"]
