Acc:[0.859375, 0.86875, 0.871875, 0.846875, 0.8714733542319749]0.8636696708463949
F1:[0.9180327868852459, 0.9257950530035335, 0.9247706422018348, 0.9107468123861566, 0.925858951175407]0.9210408491304356
ROC_AUC:[0.7836174242424243, 0.8361742424242424, 0.875777867965368, 0.8408752705627704, 0.8749321021184139]0.8422753814626438
Recall:[0.9545454545454546, 0.9924242424242424, 0.9545454545454546, 0.946969696969697, 0.973384030418251]0.96437377578062
Precision[0.8842105263157894, 0.8675496688741722, 0.896797153024911, 0.8771929824561403, 0.8827586206896552]0.8817017902721336
Confusion Matrices:["[[ 23  33]\n [ 12 252]]", "[[ 16  40]\n [  2 262]]", "[[ 27  29]\n [ 12 252]]", "[[ 21  35]\n [ 14 250]]", "[[ 22  34]\n [  7 256]]"]
