Acc:[0.934375, 0.934375, 0.934375, 0.925, 0.9467084639498433]0.9349666927899685
F1:[0.27586206896551724, 0.0, 0.16, 0.14285714285714288, 0.2608695652173913]0.1679177554080103
ROC_AUC:[0.7988365800865801, 0.7128539213229768, 0.7920320721623654, 0.6881733901277876, 0.8607491856677525]0.7705290298734925
Recall:[0.3333333333333333, 0.0, 0.15384615384615385, 0.15384615384615385, 0.25]0.17820512820512818
Precision[0.23529411764705882, 0.0, 0.16666666666666666, 0.13333333333333333, 0.2727272727272727]0.1616042780748663
Confusion Matrices:["[[295  13]\n [  8   4]]", "[[299   8]\n [ 13   0]]", "[[297  10]\n [ 11   2]]", "[[294  13]\n [ 11   2]]", "[[299   8]\n [  9   3]]"]
