Acc:[0.9125, 0.90625, 0.9, 0.890625, 0.9059561128526645]0.9030662225705329
F1:[0.6111111111111112, 0.53125, 0.5294117647058824, 0.5454545454545454, 0.5714285714285714]0.557731198540022
ROC_AUC:[0.9071446562001511, 0.9109226765175048, 0.9183135704874835, 0.8429265480895917, 0.9130856083586113]0.8984786119306685
Recall:[0.5116279069767442, 0.3953488372093023, 0.4090909090909091, 0.4772727272727273, 0.46511627906976744]0.4516913319238901
Precision[0.7586206896551724, 0.8095238095238095, 0.75, 0.6363636363636364, 0.7407407407407407]0.7390497752566718
Confusion Matrices:["[[270   7]\n [ 21  22]]", "[[273   4]\n [ 26  17]]", "[[270   6]\n [ 26  18]]", "[[264  12]\n [ 23  21]]", "[[269   7]\n [ 23  20]]"]
