Acc:[0.8314606741573034, 0.8370786516853933, 0.7966101694915254, 0.8361581920903954, 0.7966101694915254]0.8195835713832287
F1:[0.7727272727272727, 0.7751937984496124, 0.735294117647059, 0.7521367521367522, 0.7391304347826085]0.754896475148661
ROC_AUC:[0.8334662943757479, 0.830940034569871, 0.8316243928764167, 0.8553022126281705, 0.8488262277388019]0.8400318324378017
Recall:[0.7391304347826086, 0.7246376811594203, 0.7352941176470589, 0.6470588235294118, 0.75]0.7192242114236999
Precision[0.8095238095238095, 0.8333333333333334, 0.7352941176470589, 0.8979591836734694, 0.7285714285714285]0.8009363745498199
Confusion Matrices:["[[97 12]\n [18 51]]", "[[99 10]\n [19 50]]", "[[91 18]\n [18 50]]", "[[104   5]\n [ 24  44]]", "[[90 19]\n [17 51]]"]
