Acc:[0.9581632653061225, 0.9642857142857143, 0.9571428571428572, 0.9489274770173647, 0.9622063329928499]0.9581451293489817
F1:[0.45333333333333337, 0.5205479452054794, 0.43243243243243246, 0.4047619047619048, 0.463768115942029]0.45496874633503587
ROC_AUC:[0.8948181497175142, 0.8845191854990584, 0.8564177259887005, 0.8911570637445505, 0.8566631318487099]0.8767150513597068
Recall:[0.4722222222222222, 0.5277777777777778, 0.4444444444444444, 0.4722222222222222, 0.4444444444444444]0.47222222222222215
Precision[0.4358974358974359, 0.5135135135135135, 0.42105263157894735, 0.3541666666666667, 0.48484848484848486]0.4418957465010097
Confusion Matrices:["[[922  22]\n [ 19  17]]", "[[926  18]\n [ 17  19]]", "[[922  22]\n [ 20  16]]", "[[912  31]\n [ 19  17]]", "[[926  17]\n [ 20  16]]"]
