Acc:[0.7928571428571428, 0.7979591836734694, 0.7989795918367347, 0.8263534218590398, 0.8100102145045965]0.8052319109461967
F1:[0.8449197860962567, 0.8486238532110092, 0.847876447876448, 0.8673946957878315, 0.8575803981623276]0.8532790362267747
ROC_AUC:[0.857354698872556, 0.8648828849721707, 0.8684507456828886, 0.8840056285178237, 0.8614290181363352]0.8672245952363549
Recall:[0.8977272727272727, 0.900974025974026, 0.8912337662337663, 0.9040650406504065, 0.9105691056910569]0.9009138422553056
Precision[0.797979797979798, 0.8020231213872833, 0.8085419734904271, 0.8335832083958021, 0.8104196816208393]0.81050955657483
Confusion Matrices:["[[224 140]\n [ 63 553]]", "[[227 137]\n [ 61 555]]", "[[234 130]\n [ 67 549]]", "[[253 111]\n [ 59 556]]", "[[233 131]\n [ 55 560]]"]
