Acc:[0.8285714285714286, 0.8336734693877551, 0.8346938775510204, 0.8365679264555669, 0.8283963227783453]0.8323806049488234
F1:[0.7290322580645161, 0.7260504201680673, 0.7177700348432057, 0.7342192691029902, 0.7245901639344263]0.7263324292226411
ROC_AUC:[0.8815932216070625, 0.885979350591052, 0.9085061910818495, 0.9006312989397175, 0.8950559177250759]0.8943531959889516
Recall:[0.6890243902439024, 0.6585365853658537, 0.6280487804878049, 0.6737804878048781, 0.6737804878048781]0.6646341463414634
Precision[0.773972602739726, 0.8089887640449438, 0.8373983739837398, 0.8065693430656934, 0.7836879432624113]0.8021234054193028
Confusion Matrices:["[[586  66]\n [102 226]]", "[[601  51]\n [112 216]]", "[[612  40]\n [122 206]]", "[[598  53]\n [107 221]]", "[[590  61]\n [107 221]]"]
