Acc:[0.9785714285714285, 0.976530612244898, 0.976530612244898, 0.9765066394279878, 0.9744637385086823]0.9765206061995787
F1:[0.6037735849056604, 0.5306122448979591, 0.5490196078431373, 0.5490196078431373, 0.46808510638297873]0.5401020303745746
ROC_AUC:[0.9307173964218456, 0.8974811676082862, 0.8827977871939736, 0.9205107811947685, 0.8888299752562743]0.9040674215350297
Recall:[0.4444444444444444, 0.3611111111111111, 0.3888888888888889, 0.3888888888888889, 0.3055555555555556]0.37777777777777777
Precision[0.9411764705882353, 1.0, 0.9333333333333333, 0.9333333333333333, 1.0]0.9615686274509804
Confusion Matrices:["[[943   1]\n [ 20  16]]", "[[944   0]\n [ 23  13]]", "[[943   1]\n [ 22  14]]", "[[942   1]\n [ 22  14]]", "[[943   0]\n [ 25  11]]"]
