Acc:[0.9489795918367347, 0.923469387755102, 0.8755102040816326, 0.8937691521961185, 0.9009193054136875]0.9085295282566552
F1:[0.16666666666666669, 0.3478260869565218, 0.21794871794871795, 0.24637681159420288, 0.21138211382113825]0.23804007939744948
ROC_AUC:[0.5625735640301318, 0.5141684322033898, 0.634386770244821, 0.5694444444444444, 0.5993725698126546]0.5759891561470883
Recall:[0.1388888888888889, 0.5555555555555556, 0.4722222222222222, 0.4722222222222222, 0.3611111111111111]0.4
Precision[0.20833333333333334, 0.25316455696202533, 0.14166666666666666, 0.16666666666666666, 0.14942528735632185]0.1838513021970028
Confusion Matrices:["[[925  19]\n [ 31   5]]", "[[885  59]\n [ 16  20]]", "[[841 103]\n [ 19  17]]", "[[858  85]\n [ 19  17]]", "[[869  74]\n [ 23  13]]"]
