Acc:[0.6469387755102041, 0.6377551020408163, 0.6520408163265307, 0.6945863125638406, 0.6813074565883555]0.6625256926059494
F1:[0.6735849056603774, 0.6672914714151827, 0.6868686868686869, 0.7514546965918536, 0.7238938053097346]0.7006187131691671
ROC_AUC:[0.6778779256457829, 0.6663358962466106, 0.6699907235621522, 0.7037702135263111, 0.6909117305458767]0.6817772979053467
Recall:[0.5795454545454546, 0.577922077922078, 0.6071428571428571, 0.734959349593496, 0.6650406504065041]0.6329220779220779
Precision[0.8040540540540541, 0.7893569844789357, 0.7906976744186046, 0.7687074829931972, 0.7941747572815534]0.789398190645269
Confusion Matrices:["[[277  87]\n [259 357]]", "[[269  95]\n [260 356]]", "[[265  99]\n [242 374]]", "[[228 136]\n [163 452]]", "[[258 106]\n [206 409]]"]
