Acc:[0.796875, 0.83125, 0.84375, 0.821875, 0.8369905956112853]0.826148119122257
F1:[0.3689320388349514, 0.425531914893617, 0.4791666666666667, 0.4672897196261682, 0.4999999999999999]0.4481840680042807
ROC_AUC:[0.6062883049282177, 0.5617496431869698, 0.6905055994729908, 0.6921525032938076, 0.6814543309740478]0.6464300763712068
Recall:[0.4418604651162791, 0.46511627906976744, 0.5227272727272727, 0.5681818181818182, 0.6046511627906976]0.520507399577167
Precision[0.31666666666666665, 0.39215686274509803, 0.4423076923076923, 0.3968253968253968, 0.4262295081967213]0.394837225348315
Confusion Matrices:["[[236  41]\n [ 24  19]]", "[[246  31]\n [ 23  20]]", "[[247  29]\n [ 21  23]]", "[[238  38]\n [ 19  25]]", "[[241  35]\n [ 17  26]]"]
