Acc:[0.8360655737704918, 0.7213114754098361, 0.7377049180327869, 0.8, 0.7166666666666667]0.7623497267759565
F1:[0.8275862068965517, 0.7301587301587302, 0.7647058823529412, 0.8125, 0.7384615384615384]0.7746824715739523
ROC_AUC:[0.5411255411255411, 0.7332251082251082, 0.783008658008658, 0.797979797979798, 0.7283950617283951]0.7167468334135001
Recall:[0.7272727272727273, 0.696969696969697, 0.7878787878787878, 0.7878787878787878, 0.7272727272727273]0.7454545454545455
Precision[0.96, 0.7666666666666667, 0.7428571428571429, 0.8387096774193549, 0.75]0.8116466973886329
Confusion Matrices:["[[27  1]\n [ 9 24]]", "[[21  7]\n [10 23]]", "[[19  9]\n [ 7 26]]", "[[22  5]\n [ 7 26]]", "[[19  8]\n [ 9 24]]"]
