Acc:[0.859375, 0.8625, 0.871875, 0.871875, 0.8714733542319749]0.867419670846395
F1:[0.4705882352941176, 0.5111111111111111, 0.4383561643835616, 0.4225352112676057, 0.4057971014492754]0.4496775647011343
ROC_AUC:[0.6705146503232305, 0.7278566031399546, 0.6169301712779973, 0.6492094861660078, 0.5984159083249072]0.6525853638464195
Recall:[0.46511627906976744, 0.5348837209302325, 0.36363636363636365, 0.3409090909090909, 0.32558139534883723]0.4060253699788584
Precision[0.47619047619047616, 0.48936170212765956, 0.5517241379310345, 0.5555555555555556, 0.5384615384615384]0.5222586820532529
Confusion Matrices:["[[255  22]\n [ 23  20]]", "[[253  24]\n [ 20  23]]", "[[263  13]\n [ 28  16]]", "[[264  12]\n [ 29  15]]", "[[264  12]\n [ 29  14]]"]
