Acc:[0.565625, 0.70625, 0.7, 0.509375, 0.7398119122257053]0.6442123824451411
F1:[0.6666666666666666, 0.8008474576271186, 0.7922077922077921, 0.5943152454780362, 0.8295687885010268]0.7367211900961281
ROC_AUC:[0.6629126082251082, 0.7387040043290043, 0.7293695887445888, 0.6450554653679654, 0.7345532319391636]0.7021189797211661
Recall:[0.5265151515151515, 0.7159090909090909, 0.6931818181818182, 0.4356060606060606, 0.7680608365019012]0.6278545915428044
Precision[0.9084967320261438, 0.9086538461538461, 0.9242424242424242, 0.9349593495934959, 0.9017857142857143]0.9156276132603249
Confusion Matrices:["[[ 42  14]\n [125 139]]", "[[ 37  19]\n [ 75 189]]", "[[ 41  15]\n [ 81 183]]", "[[ 48   8]\n [149 115]]", "[[ 34  22]\n [ 61 202]]"]
