Acc:[0.736734693877551, 0.7642857142857142, 0.7295918367346939, 0.745658835546476, 0.7334014300306435]0.7419345020950157
F1:[0.5019305019305019, 0.5954465849387042, 0.4444444444444445, 0.516504854368932, 0.445859872611465]0.5008372516588094
ROC_AUC:[0.6480973178213376, 0.7097112075415233, 0.6138780300763131, 0.6294045745756996, 0.5963292870255891]0.6394840834080926
Recall:[0.39634146341463417, 0.5182926829268293, 0.3231707317073171, 0.4054878048780488, 0.3201219512195122]0.3926829268292683
Precision[0.6842105263157895, 0.6995884773662552, 0.7114093959731543, 0.7112299465240641, 0.7342657342657343]0.7081408160889995
Confusion Matrices:["[[592  60]\n [198 130]]", "[[579  73]\n [158 170]]", "[[609  43]\n [222 106]]", "[[597  54]\n [195 133]]", "[[613  38]\n [223 105]]"]
