Acc:[0.963265306122449, 0.95, 0.9642857142857143, 0.958120531154239, 0.9591419816138917]0.9589627066352587
F1:[0.05263157894736842, 0.1090909090909091, 0.14634146341463414, 0.163265306122449, 0.0]0.09426585151507214
ROC_AUC:[0.5133592278719397, 0.5341631355932204, 0.5405779190207156, 0.4965093672675857, 0.49787910922587486]0.5164977517958672
Recall:[0.027777777777777776, 0.08333333333333333, 0.08333333333333333, 0.1111111111111111, 0.0]0.0611111111111111
Precision[0.5, 0.15789473684210525, 0.6, 0.3076923076923077, 0.0]0.3131174089068826
Confusion Matrices:["[[943   1]\n [ 35   1]]", "[[928  16]\n [ 33   3]]", "[[942   2]\n [ 33   3]]", "[[934   9]\n [ 32   4]]", "[[939   4]\n [ 36   0]]"]
