Acc:[0.7865168539325843, 0.7415730337078652, 0.7740112994350282, 0.7796610169491526, 0.7457627118644068]0.7655049831778074
F1:[0.6779661016949153, 0.5576923076923077, 0.6296296296296295, 0.6213592233009708, 0.5544554455445544]0.6082205415724756
ROC_AUC:[0.7672516952532908, 0.6322297566812924, 0.7009579060982191, 0.7162034538586076, 0.6772126281705343]0.6987710880123889
Recall:[0.5797101449275363, 0.42028985507246375, 0.5, 0.47058823529411764, 0.4117647058823529]0.4764705882352941
Precision[0.8163265306122449, 0.8285714285714286, 0.85, 0.9142857142857143, 0.8484848484848485]0.8515337043908472
Confusion Matrices:["[[100   9]\n [ 29  40]]", "[[103   6]\n [ 40  29]]", "[[103   6]\n [ 34  34]]", "[[106   3]\n [ 36  32]]", "[[104   5]\n [ 40  28]]"]
