Acc:[0.946875, 0.953125, 0.95625, 0.95625, 0.9623824451410659]0.9549764890282132
F1:[0.10526315789473685, 0.0, 0.2222222222222222, 0.125, 0.0]0.09049707602339181
ROC_AUC:[0.5324675324675324, 0.5, 0.5721623653219743, 0.5352042094713104, 0.5]0.5279668214521634
Recall:[0.08333333333333333, 0.0, 0.15384615384615385, 0.07692307692307693, 0.0]0.06282051282051282
Precision[0.14285714285714285, 0.0, 0.4, 0.3333333333333333, 0.0]0.17523809523809525
Confusion Matrices:["[[302   6]\n [ 11   1]]", "[[305   2]\n [ 13   0]]", "[[304   3]\n [ 11   2]]", "[[305   2]\n [ 12   1]]", "[[307   0]\n [ 12   0]]"]
