Acc:[0.9016393442622951, 0.8360655737704918, 0.7704918032786885, 0.8166666666666667, 0.8166666666666667]0.8283060109289616
F1:[0.9142857142857143, 0.8571428571428571, 0.8205128205128205, 0.8450704225352113, 0.8450704225352113]0.8564164474023628
ROC_AUC:[0.946969696969697, 0.9296536796536796, 0.7932900432900433, 0.8866442199775534, 0.8877665544332212]0.8888648388648388
Recall:[0.9696969696969697, 0.9090909090909091, 0.9696969696969697, 0.9090909090909091, 0.9090909090909091]0.9333333333333333
Precision[0.8648648648648649, 0.8108108108108109, 0.7111111111111111, 0.7894736842105263, 0.7894736842105263]0.7931468310415679
Confusion Matrices:["[[23  5]\n [ 1 32]]", "[[21  7]\n [ 3 30]]", "[[15 13]\n [ 1 32]]", "[[19  8]\n [ 3 30]]", "[[19  8]\n [ 3 30]]"]
