Acc:[0.8258426966292135, 0.8089887640449438, 0.8022598870056498, 0.8757062146892656, 0.807909604519774]0.8241414333777692
F1:[0.7633587786259542, 0.7301587301587301, 0.75177304964539, 0.8135593220338982, 0.7301587301587301]0.7578017221245406
ROC_AUC:[0.8481584895625581, 0.8409121127509639, 0.8497706422018348, 0.9181057744198596, 0.8664328116567728]0.8646759661183978
Recall:[0.7246376811594203, 0.6666666666666666, 0.7794117647058824, 0.7058823529411765, 0.6764705882352942]0.7106138107416881
Precision[0.8064516129032258, 0.8070175438596491, 0.726027397260274, 0.96, 0.7931034482758621]0.8185200004598021
Confusion Matrices:["[[97 12]\n [19 50]]", "[[98 11]\n [23 46]]", "[[89 20]\n [15 53]]", "[[107   2]\n [ 20  48]]", "[[97 12]\n [22 46]]"]
