Acc:[0.8852459016393442, 0.8032786885245902, 0.7213114754098361, 0.8666666666666667, 0.85]0.8253005464480874
F1:[0.888888888888889, 0.8181818181818182, 0.7671232876712328, 0.8823529411764706, 0.8695652173913043]0.8452224306619429
ROC_AUC:[0.9718614718614719, 0.9069264069264068, 0.8538961038961039, 0.9371492704826038, 0.9225589225589226]0.9184784351451019
Recall:[0.8484848484848485, 0.8181818181818182, 0.8484848484848485, 0.9090909090909091, 0.9090909090909091]0.8666666666666666
Precision[0.9333333333333333, 0.8181818181818182, 0.7, 0.8571428571428571, 0.8333333333333334]0.8283982683982684
Confusion Matrices:["[[26  2]\n [ 5 28]]", "[[22  6]\n [ 6 27]]", "[[16 12]\n [ 5 28]]", "[[22  5]\n [ 3 30]]", "[[21  6]\n [ 3 30]]"]
