Acc:[0.9016393442622951, 0.819672131147541, 0.7704918032786885, 0.8166666666666667, 0.8166666666666667]0.8250273224043715
F1:[0.9142857142857143, 0.8450704225352113, 0.8205128205128205, 0.8450704225352113, 0.8450704225352113]0.8540019604808335
ROC_AUC:[0.945887445887446, 0.9296536796536797, 0.7922077922077922, 0.88327721661055, 0.8877665544332212]0.8877585377585377
Recall:[0.9696969696969697, 0.9090909090909091, 0.9696969696969697, 0.9090909090909091, 0.9090909090909091]0.9333333333333333
Precision[0.8648648648648649, 0.7894736842105263, 0.7111111111111111, 0.7894736842105263, 0.7894736842105263]0.7888794057215109
Confusion Matrices:["[[23  5]\n [ 1 32]]", "[[20  8]\n [ 3 30]]", "[[15 13]\n [ 1 32]]", "[[19  8]\n [ 3 30]]", "[[19  8]\n [ 3 30]]"]
