Acc:[0.865625, 0.884375, 0.846875, 0.871875, 0.896551724137931]0.8730603448275861
F1:[0.0851063829787234, 0.13953488372093023, 0.14035087719298245, 0.12765957446808512, 0.2325581395348837]0.14504197157912097
ROC_AUC:[0.6777597402597402, 0.7306439488849912, 0.6542219994988725, 0.6148834878476572, 0.8300760043431054]0.7015170361668733
Recall:[0.16666666666666666, 0.23076923076923078, 0.3076923076923077, 0.23076923076923078, 0.4166666666666667]0.27051282051282055
Precision[0.05714285714285714, 0.1, 0.09090909090909091, 0.08823529411764706, 0.16129032258064516]0.09951551295004805
Confusion Matrices:["[[275  33]\n [ 10   2]]", "[[280  27]\n [ 10   3]]", "[[267  40]\n [  9   4]]", "[[276  31]\n [ 10   3]]", "[[281  26]\n [  7   5]]"]
