Acc:[0.81875, 0.85, 0.840625, 0.83125, 0.8463949843260188]0.8374039968652038
F1:[0.8986013986013986, 0.9163763066202091, 0.9097345132743363, 0.9042553191489362, 0.9138840070298769]0.9085703089349513
ROC_AUC:[0.7541260822510824, 0.7644074675324675, 0.8130411255411255, 0.8157467532467532, 0.8105649103747963]0.791577267789245
Recall:[0.9734848484848485, 0.9962121212121212, 0.9734848484848485, 0.9659090909090909, 0.9885931558935361]0.9795368129968891
Precision[0.8344155844155844, 0.8483870967741935, 0.8538205980066446, 0.85, 0.8496732026143791]0.8472592963621602
Confusion Matrices:["[[  5  51]\n [  7 257]]", "[[  9  47]\n [  1 263]]", "[[ 12  44]\n [  7 257]]", "[[ 11  45]\n [  9 255]]", "[[ 10  46]\n [  3 260]]"]
