Acc:[0.8306122448979592, 0.85, 0.8316326530612245, 0.8130745658835546, 0.8365679264555669]0.832377478059661
F1:[0.2169811320754717, 0.2222222222222222, 0.1951219512195122, 0.17937219730941703, 0.2]0.2027395005653246
ROC_AUC:[0.8070268361581922, 0.8107344632768361, 0.828845927495292, 0.7966595970307528, 0.7940968540120183]0.8074727355946182
Recall:[0.6388888888888888, 0.5833333333333334, 0.5555555555555556, 0.5555555555555556, 0.5555555555555556]0.5777777777777778
Precision[0.13068181818181818, 0.13725490196078433, 0.11834319526627218, 0.10695187165775401, 0.12195121951219512]0.12303660131576474
Confusion Matrices:["[[791 153]\n [ 13  23]]", "[[812 132]\n [ 15  21]]", "[[795 149]\n [ 16  20]]", "[[776 167]\n [ 16  20]]", "[[799 144]\n [ 16  20]]"]
