Acc:[0.7673469387755102, 0.7438775510204082, 0.7663265306122449, 0.7722165474974464, 0.7711950970377937]0.7641925329886806
F1:[0.82701062215478, 0.8088347296268088, 0.8245210727969349, 0.8275328692962103, 0.8303030303030303]0.823640464835553
ROC_AUC:[0.8130641679748823, 0.7923371271585558, 0.812488850435279, 0.8191391941391941, 0.8114982578397214]0.8097055195095265
Recall:[0.8847402597402597, 0.862012987012987, 0.8733766233766234, 0.8699186991869918, 0.8910569105691057]0.8762210959771934
Precision[0.7763532763532763, 0.7618364418938307, 0.7808417997097242, 0.7890855457227138, 0.7773049645390071]0.7770844056437104
Confusion Matrices:["[[207 157]\n [ 71 545]]", "[[198 166]\n [ 85 531]]", "[[213 151]\n [ 78 538]]", "[[221 143]\n [ 80 535]]", "[[207 157]\n [ 67 548]]"]
