Acc:[0.9653061224489796, 0.9653061224489796, 0.9673469387755103, 0.9642492339121552, 0.965270684371808]0.9654958203914866
F1:[0.10526315789473684, 0.10526315789473684, 0.19999999999999998, 0.05405405405405406, 0.10526315789473684]0.1139687055476529
ROC_AUC:[0.9026012241054614, 0.8660546139359699, 0.8488847693032016, 0.9045010015317544, 0.8514198185460116]0.8746922854844797
Recall:[0.05555555555555555, 0.05555555555555555, 0.1111111111111111, 0.027777777777777776, 0.05555555555555555]0.061111111111111116
Precision[1.0, 1.0, 1.0, 1.0, 1.0]1.0
Confusion Matrices:["[[944   0]\n [ 34   2]]", "[[944   0]\n [ 34   2]]", "[[944   0]\n [ 32   4]]", "[[943   0]\n [ 35   1]]", "[[943   0]\n [ 34   2]]"]
