Acc:[0.8125, 0.8375, 0.840625, 0.809375, 0.8181818181818182]0.8236363636363636
F1:[0.5522388059701493, 0.5357142857142857, 0.5565217391304348, 0.47863247863247854, 0.546875]0.5339964618894697
ROC_AUC:[0.8931240030224162, 0.844513474939132, 0.8698122529644269, 0.8502140974967063, 0.8849848331648129]0.868529732317499
Recall:[0.8604651162790697, 0.6976744186046512, 0.7272727272727273, 0.6363636363636364, 0.813953488372093]0.7471458773784356
Precision[0.4065934065934066, 0.43478260869565216, 0.4507042253521127, 0.3835616438356164, 0.4117647058823529]0.41748131807182814
Confusion Matrices:["[[223  54]\n [  6  37]]", "[[238  39]\n [ 13  30]]", "[[237  39]\n [ 12  32]]", "[[231  45]\n [ 16  28]]", "[[226  50]\n [  8  35]]"]
