Acc:[0.8091836734693878, 0.8061224489795918, 0.7969387755102041, 0.7967313585291114, 0.797752808988764]0.8013458130954119
F1:[0.6978998384491114, 0.6864686468646866, 0.6688851913477537, 0.6644182124789206, 0.67]0.6775343778280944
ROC_AUC:[0.8304583458027831, 0.8533241994613198, 0.8521832448002393, 0.8668160615937957, 0.839573732718894]0.8484711168754064
Recall:[0.6585365853658537, 0.6341463414634146, 0.6128048780487805, 0.600609756097561, 0.6128048780487805]0.623780487804878
Precision[0.7422680412371134, 0.7482014388489209, 0.7362637362637363, 0.7433962264150943, 0.7389705882352942]0.7418200062000319
Confusion Matrices:["[[577  75]\n [112 216]]", "[[582  70]\n [120 208]]", "[[580  72]\n [127 201]]", "[[583  68]\n [131 197]]", "[[580  71]\n [127 201]]"]
