Acc:[0.9125, 0.878125, 0.884375, 0.875, 0.8840125391849529]0.8868025078369906
F1:[0.5483870967741935, 0.2909090909090909, 0.3508771929824561, 0.3548387096774194, 0.3728813559322034]0.38357868925507266
ROC_AUC:[0.8666778608009402, 0.8675174208714633, 0.9135375494071146, 0.8325098814229249, 0.9014155712841253]0.8763316567573136
Recall:[0.3953488372093023, 0.18604651162790697, 0.22727272727272727, 0.25, 0.2558139534883721]0.26289640591966174
Precision[0.8947368421052632, 0.6666666666666666, 0.7692307692307693, 0.6111111111111112, 0.6875]0.725849077822762
Confusion Matrices:["[[275   2]\n [ 26  17]]", "[[273   4]\n [ 35   8]]", "[[273   3]\n [ 34  10]]", "[[269   7]\n [ 33  11]]", "[[271   5]\n [ 32  11]]"]
