Acc:[0.9625, 0.959375, 0.959375, 0.959375, 0.9623824451410659]0.9606014890282133
F1:[0.0, 0.0, 0.0, 0.0, 0.0]0.0
Recall:[0.0, 0.0, 0.0, 0.0, 0.0]0.0
Precision[0.0, 0.0, 0.0, 0.0, 0.0]0.0
Confusion Matrices:["[[308   0]\n [ 12   0]]", "[[307   0]\n [ 13   0]]", "[[307   0]\n [ 13   0]]", "[[307   0]\n [ 13   0]]", "[[307   0]\n [ 12   0]]"]
