Acc:[0.825, 0.825, 0.825, 0.825, 0.8244514106583072]0.8248902821316614
F1:[0.9041095890410958, 0.9041095890410958, 0.9041095890410958, 0.9041095890410958, 0.9037800687285223]0.9040436849785811
Recall:[1.0, 1.0, 1.0, 1.0, 1.0]1.0
Precision[0.825, 0.825, 0.825, 0.825, 0.8244514106583072]0.8248902821316614
Confusion Matrices:["[[  0  56]\n [  0 264]]", "[[  0  56]\n [  0 264]]", "[[  0  56]\n [  0 264]]", "[[  0  56]\n [  0 264]]", "[[  0  56]\n [  0 263]]"]
