Acc:[0.865625, 0.865625, 0.8625, 0.8625, 0.8652037617554859]0.8642907523510971
F1:[0.0, 0.0, 0.0, 0.0, 0.0]0.0
Recall:[0.0, 0.0, 0.0, 0.0, 0.0]0.0
Precision[0.0, 0.0, 0.0, 0.0, 0.0]0.0
Confusion Matrices:["[[277   0]\n [ 43   0]]", "[[277   0]\n [ 43   0]]", "[[276   0]\n [ 44   0]]", "[[276   0]\n [ 44   0]]", "[[276   0]\n [ 43   0]]"]
