Acc:[0.7865168539325843, 0.7528089887640449, 0.7570621468926554, 0.8531073446327684, 0.7796610169491526]0.785831270234241
F1:[0.6984126984126984, 0.6615384615384615, 0.6993006993006994, 0.7968749999999999, 0.6976744186046512]0.7107602555713022
Recall:[0.6376811594202898, 0.6231884057971014, 0.7352941176470589, 0.75, 0.6617647058823529]0.6815856777493605
Precision[0.7719298245614035, 0.7049180327868853, 0.6666666666666666, 0.85, 0.7377049180327869]0.7462438884095485
Confusion Matrices:["[[96 13]\n [25 44]]", "[[91 18]\n [26 43]]", "[[84 25]\n [18 50]]", "[[100   9]\n [ 17  51]]", "[[93 16]\n [23 45]]"]
