Acc:[0.6030612244897959, 0.6295918367346939, 0.6275510204081632, 0.7660878447395302, 0.6251276813074566]0.650283921535928
F1:[0.09324009324009323, 0.14588235294117646, 0.12048192771084336, 0.10894941634241245, 0.12826603325415675]0.11936396469773647
Recall:[0.5555555555555556, 0.8611111111111112, 0.6944444444444444, 0.3888888888888889, 0.75]0.65
Precision[0.05089058524173028, 0.07969151670951156, 0.06596306068601583, 0.06334841628959276, 0.07012987012987013]0.06600468981134411
Confusion Matrices:["[[571 373]\n [ 16  20]]", "[[586 358]\n [  5  31]]", "[[590 354]\n [ 11  25]]", "[[736 207]\n [ 22  14]]", "[[585 358]\n [  9  27]]"]
