Acc:[0.6653061224489796, 0.6653061224489796, 0.6653061224489796, 0.6649642492339122, 0.6649642492339122]0.6651693731629525
F1:[0.0, 0.0, 0.0, 0.0, 0.0]0.0
Recall:[0.0, 0.0, 0.0, 0.0, 0.0]0.0
Precision[0.0, 0.0, 0.0, 0.0, 0.0]0.0
Confusion Matrices:["[[652   0]\n [328   0]]", "[[652   0]\n [328   0]]", "[[652   0]\n [328   0]]", "[[651   0]\n [328   0]]", "[[651   0]\n [328   0]]"]
