Acc:[0.6285714285714286, 0.6285714285714286, 0.6285714285714286, 0.6281920326864147, 0.6281920326864147]0.6284196702174231
F1:[0.7719298245614035, 0.7719298245614035, 0.7719298245614035, 0.7716436637390213, 0.7716436637390213]0.7718153602324506
Recall:[1.0, 1.0, 1.0, 1.0, 1.0]1.0
Precision[0.6285714285714286, 0.6285714285714286, 0.6285714285714286, 0.6281920326864147, 0.6281920326864147]0.6284196702174231
Confusion Matrices:["[[  0 364]\n [  0 616]]", "[[  0 364]\n [  0 616]]", "[[  0 364]\n [  0 616]]", "[[  0 364]\n [  0 615]]", "[[  0 364]\n [  0 615]]"]
